rep	seed
0	7375247968031
1	3953663749129
2	6866885861324
3	2947371043400
4	4274000699568
5	6036771203509
6	9344389259193
7	6120620037540
8	3509907075915
9	2360783098209
10	6425954057861
11	8609203662468
12	6321880133568
13	1591062582570
14	1881008251787
15	9879870263396
16	5850112224167
17	3031881645273
18	3183023040448
19	6796922863945
20	8806563037892
21	6639813627209
22	7507363118791
23	1886038677151
24	6190855439049
25	9947272971337
26	1138690843779
27	6015434393903
28	6350667090541
29	9147729524898
30	3474822362375
31	8887902343265
32	2597427944797
33	2430859694366
34	2642671666492
35	2598041283454
36	2266082882724
37	5575193589735
38	1800813634910
39	9587539932136
40	3135466071531
41	8141655513708
42	1356950832355
43	7165561127684
44	6410897653562
45	3251942503655
46	7818263209822
47	8446597645482
48	5088149566677
49	5266743525397
50	2840977769783
51	7943135473450
52	9278496071460
53	6124002723909
54	2594583713838
55	5376208770556
56	6255207009655
57	4044516744275
58	4855965921390
59	9186407728928
60	6560953076544
61	3812546332060
62	5593302994558
63	9557422283695
64	1410470476537
65	8795596137957
66	9823573061641
67	8259284026732
68	5505864715960
69	6985053430255
70	7738589605054
71	3653883685670
72	8314031987822
73	7064226207342
74	7056251864680
75	7737630854797
76	8085548703223
77	6172698861170
78	6348055785667
79	6751310362498
80	1756015723045
81	3579200298174
82	6196508348803
83	4070060154286
84	1770289216380
85	4932274103256
86	7136696114744
87	6876313481092
88	9116506285452
89	1917158174032
90	4077812077500
91	5862988722156
92	8111474948268
93	6276666262887
94	6728645241930
95	5516729015527
96	5809681470943
97	4692471768578
98	1761174463375
99	4235060832525
100	2999573707685
101	5194467433524
102	8662649045923
103	4290322383210
104	8237131017133
105	6263962799810
106	9982008229910
107	1534094580422
108	5011112601963
109	6937160893074
110	8519392236219
111	5734283923677
112	9435997161876
113	8183881830967
114	5306596290273
115	9528345741781
116	3539836068461
117	6964681470424
118	1417738012348
119	2848735201371
120	5356981420287
121	3640305120212
122	1503028702257
123	5682707050949
124	1214175961393
125	8356994042340
126	3983722160344
127	4769546152738
128	4755201053520
129	3076063598378
130	3895555513786
131	3524622064057
132	6550788933938
133	9645440609861
134	7908048001526
135	4936973484931
136	2988349317823
137	4127350255983
138	4239683045971
139	8615775819277
140	3427640293466
141	5270744739222
142	9877295918550
143	4940763229541
144	2318864796553
145	1248091200335
146	4211314053931
147	6499829513849
148	3627396408676
149	2500988554906
150	9570236112491
151	1906524718657
152	2879133323270
153	6556841778334
154	3843532999138
155	9258707859687
156	9283712823878
157	7080031523186
158	6039522424949
159	1107474569839
160	4323821714681
161	7921409611140
162	4520518829645
163	3435957665730
164	9454001272142
165	7460387702466
166	5992275623834
167	7391760385310
168	4270409396798
169	8813085778175
170	5573940888343
171	4750895894633
172	5196992717810
173	6775975639818
174	2759664441426
175	1583765728441
176	4983265838115
177	4706875598017
178	2958138777097
179	1254461336891
180	2908942183896
181	3296845027987
182	7055271055283
183	5247661316043
184	3818861301940
185	4794582546758
186	3535990610728
187	7080801886045
188	7888105639169
189	1221137353302
190	3590581267134
191	1308559037327
192	7349207441860
193	2599233870348
194	2960782808008
195	2705501793231
196	4621519695731
197	9218272897215
198	9405078611204
199	5212326513248
200	6887654302365
201	8887514538895
202	6739597700074
203	3982669453301
204	8286360182375
205	4556938558743
206	9729199442000
207	4501137899722
208	5661232490812
209	9515220175226
210	1535744938915
211	8536236521209
212	6606557575855
213	2824685099194
214	8520208885610
215	4202105611970
216	5703583470266
217	7077037825080
218	7354954200317
219	9429616373618
220	1931593806276
221	4207697252251
222	5571115021610
223	5924820141433
224	8714191516839
225	7839978902781
226	6065460553570
227	4886745620526
228	4712336922773
229	6560080141413
230	9077673547436
231	1916587544867
232	4146161666596
233	6525593231450
234	7275534797776
235	2985849918080
236	3570120080751
237	3449089605113
238	9362142130773
239	3878462742512
240	2714262189922
241	3190761663246
242	5425326774758
243	3826210898035
244	6575554545850
245	2347227415324
246	8165501861983
247	9303712065366
248	7757310103642
249	6251805929546
250	8186475671864
251	4503496601526
252	7077341214514
253	3308612540528
254	3220302725017
255	3791606103188
256	3494287970890
257	3944076396625
258	2759521848672
259	9288361139304
260	2228180901148
261	5120259948105
262	6484112437461
263	2443878880645
264	9912110473542
265	5968644853888
266	9586803208121
267	3949448027043
268	6697352169556
269	8682866922614
270	9397079481292
271	5319759960834
272	8868218903044
273	2893604925781
274	6719451808806
275	8852137838491
276	4024891030600
277	6798604654148
278	9282572039897
279	5656501940203
280	5758909155290
281	5629138404113
282	8849597171002
283	6200441187790
284	9330368487560
285	6160794325942
286	8186759874334
287	9060240799714
288	6353183748499
289	7534990128719
290	8191942100079
291	2171864509392
292	3364141066762
293	5944513611611
294	5892743400844
295	8554814046821
296	8438041892924
297	5155826152300
298	2745102549700
299	5247027782137
300	1595157285700
301	7620192979021
302	1170445863420
303	2600571727311
304	3556844329647
305	5228855193106
306	9006795774837
307	8227180830537
308	4349728481330
309	6969007773626
310	4997361449505
311	6036371226167
312	6199912491616
313	2713903775564
314	4127875764966
315	3094815633751
316	8614761070142
317	8157904548803
318	4095726257196
319	9203359833948
320	6653300014990
321	7476354940596
322	1762311243359
323	3866638624497
324	8779332214184
325	4773507182240
326	4257708962998
327	7139919855525
328	7628626533304
329	8095619647711
330	3138423980121
331	5850345566682
332	8648728975119
333	5947705597607
334	7564305145686
335	2511424992203
336	2334886539834
337	9397642457011
338	8101009227102
339	8407459893998
340	7677966626096
341	8768461375928
342	4109155641185
343	1321887669111
344	2106850264058
345	8436179294649
346	8999497778267
347	8189353231516
348	5933212353745
349	1298762074548
350	5601749166612
351	9317885902742
352	3633393701063
353	8820459412461
354	1526474375689
355	3112100598113
356	5111309687287
357	5014848706744
358	3157528042131
359	1216694055639
360	1491550166763
361	8060455294847
362	5157310470416
363	7867367072059
364	9323374235331
365	4690776082465
366	1330436224630
367	8770520290985
368	3602639079670
369	3323724570226
370	7839804566404
371	3338035148188
372	7844785213594
373	2599328942047
374	5047446509409
375	4491826292907
376	1474930676749
377	6687137176284
378	5768248318330
379	3714305228359
380	2388093473424
381	6475918459457
382	2570018875581
383	3298437996037
384	8468648816471
385	2287862104649
386	7396783355693
387	5344862585868
388	3815481493859
389	1833348532108
390	7280975050871
391	7225468911450
392	5815029044768
393	9359416377943
394	9956767231492
395	8180961591199
396	6074085608649
397	6489214170715
398	7501636013468
399	7174560624583
400	5575045150616
401	8089584643427
402	7147812435270
403	1267062181756
404	9009900900861
405	1642226706945
406	1778986616765
407	5724738382072
408	8510517609441
409	2219163660585
410	9805037212794
411	5774017121232
412	9549312494848
413	4418984585386
414	6463263702266
415	5658913633616
416	3409050336769
417	8236024305790
418	3012380216181
419	6751670836815
420	8190334961887
421	2134922863257
422	9378271157832
423	7972533759013
424	9401148966041
425	5763755908879
426	1654659067446
427	2364794345779
428	9243605517171
429	5991485244090
430	9010108806492
431	6590341890724
432	3225631402281
433	2516218015995
434	4216882551893
435	7719424610965
436	1498789232305
437	6798258760637
438	2684484459378
439	2970603895634
440	9128888448892
441	2549121899111
442	9298559323264
443	6974576433398
444	2926669756424
445	5250066676038
446	5907037797212
447	9698823724851
448	3655076520768
449	2803129770136
450	6014783661065
451	5751629103662
452	3100253674415
453	5948997294764
454	2323026375150
455	3793187076387
456	7441004032709
457	8773225898618
458	7411432162258
459	1422391860491
460	5463514559795
461	7453046949216
462	4023842610472
463	4397725837621
464	4842348624817
465	7673974788444
466	6265815642338
467	9294890836391
468	1379822112684
469	4594674033570
470	1737374227869
471	4815764713972
472	9975388597244
473	3729633209177
474	7415672774592
475	9489608127824
476	8573667483106
477	1268199204378
478	4119458276648
479	6354333997309
480	3318896827805
481	5771118790072
482	4397060288235
483	8455858663957
484	4545415480565
485	5481825246764
486	9884850184333
487	3859532064256
488	7407851446805
489	6121647540534
490	2533881294536
491	4879110363049
492	5300089757505
493	8779080217726
494	6317414997297
495	3654462939755
496	5191752636693
497	8723685614572
498	2650502180793
499	4330337550554
500	4676888822770
501	3823094236521
502	1752793227302
503	1822735870206
504	9652775523122
505	3478814900455
506	1357877605149
507	8504463015733
508	8387507717972
509	1129296085769
510	8185773754698
511	7470323455813
512	5695726269555
513	5165733511187
514	1211436982588
515	3553877952460
516	7469842733318
517	7388623869385
518	8718534030207
519	4620688251923
520	5410818813199
521	5781210518532
522	8157064950117
523	2981828861795
524	5763551538004
525	7353344741792
526	1156291824489
527	6847761974131
528	6773984916391
529	3945735671038
530	1844569950694
531	3711051779441
532	4077044279555
533	9757705550429
534	2432166227683
535	7417072480693
536	6470376284617
537	1723507219542
538	4286183881907
539	1285693156599
540	4586342091088
541	8904091750726
542	2888408055005
543	6017515765628
544	9829624114960
545	2946983122044
546	1397703540106
547	7485877677573
548	5681712388160
549	4901106362593
550	6940728688368
551	7974481305420
552	8801958559685
553	6588216241610
554	8064053581118
555	5938636757696
556	4098834318609
557	8625956942547
558	7572832893847
559	3875303722540
560	3772370891971
561	2707196068051
562	6861487355505
563	6578091453727
564	9026874942654
565	1005065763328
566	8796718508668
567	2677925713025
568	6455535935969
569	8830270515040
570	2787336197487
571	7942424663749
572	7420865308394
573	8494432128253
574	6497494752475
575	8804758094523
576	2935387425631
577	8444913361275
578	3923655342949
579	2597118077013
580	7613122223537
581	7205170340599
582	9129793129992
583	8622259609727
584	8177037517200
585	4122672590475
586	1927246020499
587	8954747215905
588	8284557355427
589	9072540881223
590	8579612791355
591	9459651262035
592	4096721125339
593	3615888822649
594	4142485534639
595	2410552458700
596	6764654290184
597	3325249892541
598	1297635129097
599	9116416273152
600	5134667670068
601	1146412728413
602	9129646598053
603	8106519194944
604	9902015781782
605	1819150988276
606	7951525088361
607	4249183583506
608	5369293457437
609	5858538109051
610	5011187375898
611	8521529796338
612	7094035403613
613	4785469988670
614	5306848512788
615	4164538886637
616	5720290328116
617	8693165194448
618	5434528367454
619	9597426122154
620	7203873821995
621	9047294934557
622	8318884459435
623	5940539402297
624	9240408651369
625	4108652862013
626	1160761200723
627	2780196869088
628	1997215651527
629	4210904000809
630	8544546116575
631	1728964418102
632	6138878198288
633	8502689230856
634	5636635727954
635	8613497109277
636	8695113667450
637	9431236311203
638	5313191022529
639	5679305138286
640	9873324841254
641	2312919773631
642	1315017952521
643	3035448644747
644	9347924446743
645	3942592247150
646	6208257474080
647	9821330728685
648	4387511062648
649	7930017758331
650	1781282361580
651	5004956696499
652	4625581818110
653	3354002298919
654	1482101724660
655	7673488230225
656	3426618899000
657	9464694449881
658	9709158079030
659	3639383637414
660	5768842766187
661	4388983128453
662	8138817823181
663	4055248609706
664	7773518395443
665	2610577686209
666	8792773431072
667	3903841875345
668	4493083826426
669	6560878404432
670	2532077234270
671	4371407526214
672	1146585987150
673	3775056009081
674	3563070926548
675	9271288278910
676	6862752251233
677	6212530247728
678	5952243068845
679	8784626732441
680	8221734697632
681	1530207363367
682	3644713654398
683	8851624561272
684	4152186912268
685	2638998879135
686	8202535539248
687	5226184484422
688	8663847846680
689	5208091508070
690	9034610105691
691	3850664254872
692	4835075365514
693	7891127593364
694	7998318812923
695	9287059685344
696	1625780812869
697	6878924288182
698	9286131576124
699	4528073084546
700	7642980932673
701	5192912318568
702	1983929556602
703	7743092126653
704	7868368416879
705	5101081162346
706	1586283461768
707	6328757445300
708	1930132618978
709	5659422248606
710	8855433582790
711	5112246067249
712	9412428439762
713	5227675813838
714	5535108560503
715	5028544689477
716	7993923794049
717	2129313488122
718	3824758792817
719	4742952390327
720	1574318047847
721	8446187817877
722	7833543913380
723	1134186289521
724	4658454359684
725	2978275687888
726	2265261756641
727	9701046463942
728	2197901559604
729	1623999115470
730	1233930790780
731	5716300792705
732	9916416099555
733	7632932756760
734	9662946706431
735	8793069537141
736	1760946121318
737	7533940348991
738	3862851792819
739	1843140738690
740	1871490841538
741	9505193194253
742	7892661891003
743	8773862037443
744	3943291117343
745	1385009792778
746	2297250583096
747	5197226911625
748	8617960135751
749	3134575146914
750	7342144199729
751	2309245386897
752	1039165200869
753	4083161282601
754	1043080265660
755	9887359524148
756	7569088004096
757	6002287831178
758	1990104681041
759	5310321328455
760	9956185683341
761	8583302835457
762	6024049435380
763	6715520089747
764	5053249538682
765	7630761130333
766	5506193817337
767	7816265687502
768	7714072016360
769	2738848121765
770	5524928069571
771	3081549701716
772	4931109910809
773	3213659959445
774	5320007875579
775	3543245713496
776	3464367509052
777	5375743723971
778	6380752089138
779	2834247526298
780	9034813851953
781	9141465352027
782	3383567817200
783	4337076024650
784	8376125813635
785	3137573767674
786	1832987932666
787	2665567979817
788	5326695959164
789	8308592440560
790	3990202160839
791	1898918635583
792	8268010335241
793	5339875538345
794	7766892763707
795	6072349644181
796	4072339424863
797	9921223684524
798	6823123462238
799	9010573865545
800	9256192265730
801	1622215103805
802	5334111690671
803	7968870247725
804	6682965361911
805	4024208517648
806	7528256670909
807	2983388641712
808	8719548705207
809	6971171415417
810	7157264732717
811	4400432324399
812	6864677765648
813	6688015133222
814	8866218211609
815	8509173718682
816	6796334265555
817	6457676089242
818	6495980676644
819	2963964625204
820	6061593959782
821	1738496211518
822	8993951394074
823	6711840668010
824	2489537294749
825	9353044415207
826	7301474275222
827	4274151605074
828	5276510880644
829	6708648989026
830	8649052534833
831	9873435623300
832	8301551174643
833	8391155467768
834	5832964463646
835	6490099475265
836	8025224761518
837	9413190155128
838	4734088469981
839	7652911333899
840	6336278530366
841	7843595223030
842	6067983451707
843	7757843736433
844	9954052534190
845	9515873044374
846	3798665580731
847	7926914228510
848	4476863278827
849	9019453101093
850	7940134864091
851	9545460971595
852	1890616148930
853	4753247072705
854	3540465652557
855	7829514831877
856	4662940193562
857	4939249373987
858	7966491134679
859	5014439229088
860	3383950036389
861	9925250492477
862	9419613413610
863	8299997701254
864	3309252422364
865	5848178955930
866	9167777217186
867	2768828264088
868	6026133348615
869	9896894572366
870	7545261825146
871	9396474872714
872	8300332268054
873	3584166946812
874	2355588890973
875	6606665801517
876	2381543642763
877	7038418079032
878	1761736292362
879	1289392158115
880	3019368211594
881	2303001509648
882	4159093977907
883	2348228932826
884	4210574605977
885	2642064446379
886	2943358931585
887	1667349032215
888	4246609028987
889	5859442999281
890	1236615266031
891	1081364748009
892	3715429238594
893	5150900287318
894	2398054511867
895	4561301199522
896	6289054298485
897	1198732365909
898	7856139974199
899	6493845812136
900	2228336513228
901	6550270335669
902	5569745628427
903	5892515906035
904	4430981367879
905	7751789267112
906	4195902958182
907	9323371805752
908	6715928468947
909	3261910249908
910	8242998251807
911	6742620137713
912	7941692629939
913	2662079845818
914	3602452900445
915	8058897797872
916	4015672315270
917	5795767032414
918	1965246996779
919	7143506379009
920	6705184447630
921	9878666212944
922	1690296522063
923	9943610648514
924	5361839978044
925	5695631978596
926	1122241196351
927	1906653373054
928	7098811980597
929	7860695216494
930	4172511649527
931	7731613330403
932	8758235193895
933	2191869364327
934	9576006996082
935	4548042324847
936	9160445634360
937	4611802433363
938	8503174012583
939	1760164168743
940	2826037670505
941	8498984857629
942	6737476908934
943	4965416348268
944	1068881780854
945	6836202022196
946	1158149548064
947	6432733418351
948	1374182746016
949	2344243808108
950	2947981696882
951	1228979170441
952	4422970870821
953	8138238559462
954	2287219690672
955	5774278298332
956	1201066401516
957	1925252109126
958	7606246472796
959	8390916775467
960	3021241287075
961	5336716914122
962	3878036459657
963	2385094237796
964	6449201617350
965	1649482026168
966	9344131554284
967	7228976501389
968	2892636382172
969	3545799317130
970	3455324551532
971	5833431755305
972	3913090409237
973	6286236780636
974	3928408854715
975	9701410842244
976	4251469483917
977	4748045417301
978	3385050591957
979	1684383237158
980	1423121590941
981	2107042222964
982	4533423857546
983	4635097272131
984	2385775788794
985	5662484836452
986	3732838480076
987	3791733735129
988	5863660592504
989	7172910800344
990	9949558761237
991	5215625039285
992	7887439616358
993	6918698062832
994	2482706097043
995	2255510763868
996	2208304677250
997	8483187199332
998	1665399934175
999	3926304757849
